Hidden Layers Weights:
Layer 0:
0.420717 -0.130831 0.068896 0.383226 -0.396532 -0.245224 -0.037801 0.165415 0.260114 0.046557 0.040668 -0.495115 -0.342166
-0.034642 0.096099 0.482059 -0.248235 0.158690 -0.362755 -0.157875 0.243617 -0.281208 -0.460081 -0.358688 0.125320 -0.102239
0.279177 -0.459288 0.206107 -0.022386 0.201549 -0.491068 -0.116015 -0.163952 0.326694 -0.198407 -0.372798 -0.306096 0.136358
-0.086466 -0.120019 -0.155059 0.005250 0.043975 0.068109 0.479917 0.062926 -0.491887 0.057806 -0.158688 0.445194 0.271554
-0.389664 -0.187894 -0.455753 0.042593 -0.192634 -0.354354 0.044150 -0.398596 -0.019817 0.215597 -0.459179 0.311639 0.002865
0.250995 -0.097060 0.011658 0.378654 -0.306393 0.399516 0.475575 -0.284342 0.465168 -0.037071 -0.365859 0.430040 -0.319186
0.391753 0.463059 -0.336502 0.420346 0.326519 0.232046 0.107678 -0.469528 0.156842 -0.323952 -0.413389 0.490417 -0.165979
0.325110 0.034115 0.281791 0.319737 -0.471360 0.156881 0.068280 0.390637 -0.045950 0.464615 0.277545 0.059589 0.383180
-0.449655 0.272039 0.450746 0.197846 0.059661 -0.277378 -0.047971 -0.343945 0.226157 -0.028733 -0.119871 -0.336833 -0.312074
0.435311 0.126202 0.124689 0.179422 -0.364629 0.358835 0.008716 -0.076401 -0.074629 0.110125 0.024959 0.292520 -0.244432
-0.305956 -0.387402 0.350871 -0.198537 0.061308 0.341574 0.483841 -0.207883 -0.313848 0.360293 -0.491703 0.479810 0.080630
-0.372690 0.037180 -0.012395 0.285341 -0.242826 0.292674 -0.106616 0.157651 0.408678 0.350490 0.408201 0.348535 -0.346283
-0.051735 -0.222394 0.317801 -0.248596 -0.272389 -0.469484 0.319395 0.350728 0.476667 -0.062205 -0.157734 0.493833 -0.019921
0.095797 -0.416249 -0.252796 0.470384 0.061106 -0.383378 -0.053226 0.177683 0.319641 -0.231864 0.080142 -0.356457 -0.041342
0.080276 -0.109669 0.015172 0.231157 -0.254517 0.347541 -0.300438 0.034052 0.281178 -0.075657 -0.248471 -0.470257 -0.420251

Layer 1:
-0.357427 -0.269939 -0.396116 0.240456 0.416128 0.071129 -0.274749 0.311294 -0.274548 -0.015784 0.421457 0.172151 0.436750 0.248545 -0.410252 0.426959
0.420751 -0.476358 -0.070488 -0.467330 -0.214379 -0.494714 0.204126 -0.136725 0.481759 0.219901 -0.444423 0.469156 -0.377563 -0.037359 0.174420 0.149510
-0.238264 -0.197048 0.330420 0.275959 -0.489911 -0.397485 -0.192761 -0.435868 -0.135179 0.152860 0.123962 0.187261 0.107914 -0.136941 0.116265 0.209810
-0.417536 -0.451495 -0.352093 -0.379747 -0.250462 0.066422 0.209512 0.265431 -0.269398 0.317285 -0.343414 0.049368 0.436163 0.116605 -0.381333 0.234976
0.488488 -0.494700 -0.339978 -0.054522 -0.217117 -0.072856 0.428641 -0.293602 -0.302499 0.115791 -0.053300 0.323251 -0.209467 0.079464 -0.241806 0.252136
-0.358772 -0.312452 -0.120799 0.062372 -0.436818 -0.068769 0.366180 -0.377289 -0.362242 -0.432071 0.478501 -0.340966 -0.453811 -0.158781 -0.171227 0.451207
-0.004156 0.414272 0.067386 -0.305993 0.347975 0.495786 0.479006 -0.302423 -0.458302 -0.376536 0.081093 -0.260621 0.263213 0.223717 0.388879 -0.407251
-0.156316 -0.321235 0.077550 0.303961 0.286331 -0.320095 0.098143 -0.028876 0.241931 -0.280200 0.409036 0.294994 -0.186170 0.457163 -0.211954 -0.148722
0.410848 0.083242 -0.138354 -0.106269 -0.226899 -0.359356 0.340131 0.433638 -0.437882 0.123169 0.234196 -0.018214 0.435178 -0.417614 0.335914 0.136507
0.362609 -0.292433 0.249315 -0.430535 0.481993 0.221378 -0.077468 0.243927 0.125142 -0.337405 -0.485806 0.154944 -0.043748 0.227055 0.203933 -0.484336
-0.407103 -0.142089 -0.058337 0.257782 0.067433 0.028448 -0.153202 -0.131981 0.106658 0.312705 0.158265 0.495756 -0.321074 -0.451440 0.234487 0.464526
0.301298 -0.148794 0.048397 0.333196 0.208194 -0.280582 -0.275210 0.469981 0.063455 0.435265 0.023149 -0.249033 -0.382045 -0.216655 -0.294320 -0.267169
0.470525 -0.306900 -0.452547 -0.318477 0.241643 -0.330726 0.087965 -0.297531 -0.092887 0.359641 -0.480191 0.030118 0.267264 -0.422941 0.077621 0.316656
0.318472 0.483202 0.137675 0.440833 0.019215 -0.197314 -0.470054 -0.348046 0.354494 0.362459 0.403385 -0.382770 0.266673 -0.065032 -0.493254 -0.332476
-0.345294 -0.026276 -0.049874 0.003039 -0.291595 0.421876 -0.092487 -0.134753 0.207835 -0.349934 -0.340031 -0.235767 -0.381215 0.390284 0.274558 0.106281
-0.452426 -0.498144 -0.418145 -0.052122 0.179171 -0.307098 0.465187 -0.378263 -0.031856 0.292244 0.497315 0.230734 0.088564 0.253151 0.234041 -0.235530
0.009584 -0.074685 -0.160090 0.383400 -0.121271 0.169508 0.408242 0.000736 0.008131 -0.431121 0.255430 0.245567 -0.461381 -0.021803 0.365194 -0.383668
0.419414 0.075088 -0.197824 0.206251 -0.174313 0.441389 0.301679 -0.285806 0.445390 -0.202196 -0.429464 0.382416 0.107910 -0.191726 -0.453622 -0.065631
-0.409932 0.247791 -0.379431 0.230131 0.331089 -0.234395 0.238969 -0.282153 -0.063419 -0.253935 0.456296 0.054318 -0.290690 0.107422 -0.412619 -0.256149
-0.353278 0.373668 0.491931 -0.222579 0.142010 -0.260787 -0.409775 0.283356 0.039575 0.299937 0.316789 -0.247422 -0.114722 0.150344 -0.452767 0.374892

Layer 2:
0.095324 0.325993 0.124821 -0.281740 -0.274429 0.233310 -0.212980 0.223331 -0.129318 -0.491853 -0.134812 0.125051 0.120214 -0.001538 -0.149774 0.206091 -0.214799 -0.459538 0.046063 -0.118895 -0.027662
-0.183952 -0.245877 0.435911 0.218396 0.163997 0.220398 0.142769 0.223985 -0.396251 0.090434 -0.485981 -0.161183 0.407168 0.035075 -0.118885 0.223719 -0.467692 -0.152943 -0.092599 0.219085 -0.411062
-0.225354 -0.412447 0.092404 0.442649 -0.157142 0.201096 0.317252 -0.479410 -0.017347 0.345592 -0.176865 0.495072 0.208054 -0.282506 -0.172473 0.334591 -0.256635 -0.081818 0.443364 -0.431108 0.395708
0.407364 0.476182 -0.164748 0.449749 0.471630 -0.341456 0.499195 -0.335716 -0.277975 -0.401352 -0.235187 -0.064854 -0.303198 -0.042362 0.292234 0.002203 -0.284681 0.101125 0.273144 -0.108860 -0.031788
-0.089506 0.283592 -0.498022 -0.088171 -0.059606 0.467885 0.225908 -0.144204 0.462532 0.134096 -0.147967 -0.444387 -0.240096 0.374880 0.468856 0.478536 0.242853 -0.359610 0.404596 0.257303 0.382781
-0.322174 -0.320986 0.482731 0.465289 0.004348 0.193131 -0.221839 -0.214799 0.421032 0.346582 -0.462244 -0.486224 -0.104010 -0.279174 0.029008 -0.392823 -0.281907 0.193115 0.305541 -0.293642 -0.457332
-0.177562 -0.478452 -0.176342 0.125058 -0.093949 -0.039309 -0.065444 -0.426612 0.396681 0.430297 -0.195867 0.390990 -0.165990 -0.421084 -0.443672 0.371991 0.246492 -0.385621 -0.019927 -0.402239 0.034365
-0.431103 -0.452215 -0.347168 -0.108168 0.387258 -0.227930 -0.071293 0.041076 -0.215695 -0.248458 -0.088403 0.186239 0.403434 -0.464568 0.106555 0.363835 -0.256748 -0.198203 0.370166 -0.269154 -0.188308
-0.449775 0.391248 -0.182194 0.265418 0.203667 0.459674 0.167633 -0.464615 0.173172 -0.308820 0.070431 -0.382132 -0.077877 -0.363362 -0.083941 -0.051285 0.229879 -0.015086 0.498320 0.068349 0.495655
0.206408 -0.450858 0.254215 -0.058668 -0.485665 -0.463193 0.232084 0.316172 0.453928 0.241911 0.203318 -0.489969 0.100607 -0.139399 0.115854 0.330004 0.054121 0.234316 0.111662 -0.019773 0.174335
0.342773 -0.040125 0.254699 0.262584 0.428751 0.297166 -0.310312 0.311866 -0.101369 0.395146 -0.066939 0.123495 -0.312226 0.002764 0.206719 -0.294635 -0.121274 0.128862 0.469981 0.040656 0.495825
-0.285907 0.231595 -0.432334 -0.319602 0.015875 -0.142440 0.112212 0.272707 0.384648 -0.073761 0.032821 -0.329794 0.412331 0.381812 -0.436673 -0.279789 -0.332952 -0.365100 -0.018959 0.350454 0.415222
0.062256 -0.092791 -0.037542 -0.143583 -0.383581 0.394474 -0.265241 0.197335 -0.487199 0.359961 -0.171066 0.266828 0.068551 0.386232 -0.300031 0.123868 0.035371 -0.483753 -0.062279 -0.057454 -0.360769
0.350631 0.461833 0.106882 0.298910 0.318200 -0.444885 -0.229254 0.359487 0.431609 -0.018211 -0.016602 0.456465 -0.049479 -0.127697 0.318006 0.192185 -0.046627 0.400223 0.314006 -0.063303 -0.262121
-0.380731 0.491679 0.353802 -0.097184 -0.160943 0.427634 0.108805 0.258759 -0.210021 0.240953 -0.158455 -0.177851 -0.485700 -0.431588 -0.260399 0.263150 0.272372 0.284354 -0.210412 -0.134189 -0.338108

Output Layer Weights:
-0.393241 0.468879 0.015308 0.124586 -0.284765 0.272386 -0.245337 -0.450815 -0.450435 0.019644 -0.475980 0.033839 0.277955 0.059984 -0.264577 -0.410461
0.064788 -0.457040 0.418641 0.413178 -0.298343 0.495220 -0.414099 0.493248 -0.458272 0.196109 0.100408 -0.044493 0.069559 -0.139245 -0.433171 0.173448
-0.385068 -0.198700 -0.346109 -0.453415 -0.293647 -0.223267 -0.162330 -0.022475 0.138312 -0.186932 0.219227 -0.210192 0.428850 0.120369 -0.318790 -0.444668
