Layer 0:
-0.075381 -0.379847 0.163756 -0.037110 -0.470471 -0.109813 0.000902 -0.267655 0.160449 -0.444102 -0.011143 -0.303925 -0.208841
-0.128642 0.292384 -0.052154 -0.273442 0.327716 -0.488104 -0.014843 -0.360956 -0.340752 0.189558 -0.122268 0.420928 0.156639
0.317721 -0.118144 -0.139007 -0.327672 0.211141 -0.541115 -0.093053 -0.036871 0.144876 -0.120463 -0.236297 0.407487 -0.520309
-0.427625 -0.254680 0.200317 0.348688 -0.173700 -0.104741 0.037901 0.405457 -0.045454 -0.203108 -0.207850 -0.162251 0.201223
0.323334 0.088329 -0.100880 -0.544640 -0.297892 0.262764 0.080911 0.167823 0.024524 0.332887 -0.117175 0.312304 0.001878
-0.460711 0.027005 -0.007052 0.263735 0.084960 -0.557425 0.067403 0.003817 -0.183191 -0.076630 0.358480 -0.049847 -0.324173
-0.102646 -0.185863 0.325069 -0.094827 0.345008 -0.059905 -0.448669 -0.415970 0.066970 0.493519 -0.176979 -0.157894 0.234336
0.043224 0.054039 0.121532 -0.125221 -0.391995 0.157836 -0.318129 -0.060820 0.058783 0.456171 0.235811 0.372234 -0.308333
-0.497064 -0.571447 -0.253618 0.497101 -0.171088 -0.075808 0.350623 -0.096097 -0.205400 -0.150494 -0.666234 -0.373092 0.147643
-0.288603 -0.429203 0.112089 0.047255 -0.089184 -0.262674 0.075198 -0.297108 0.202476 0.413603 0.181642 -0.189691 -0.350042
0.054166 -0.068978 -0.012654 -0.045901 -0.276256 0.268202 0.250437 0.186451 0.494246 0.080004 0.022382 0.497831 -0.068032
-0.074111 -0.281786 0.439270 -0.013089 0.169556 0.243335 0.443722 -0.357728 0.201996 -0.277302 -0.145059 0.226172 0.284873
0.239729 0.230530 -0.327656 -0.241753 0.169006 0.143245 0.008346 -0.365782 0.292861 -0.397963 0.060170 -0.436180 0.122435
0.332161 0.211785 -0.419712 0.070823 0.195080 -0.519902 -0.024589 -0.081023 -0.390408 -0.307726 0.761804 -0.362613 -0.121494
0.440628 -0.269683 0.091607 0.051898 -0.341931 0.128565 -0.126706 0.028950 0.335704 -0.027847 0.654133 0.106643 -0.241450
-0.022400 0.086203 -0.265044 0.335465 -0.231809 -0.437636 0.462154 -0.443073 0.104772 -0.340525 -0.027744 0.018077 0.437113
-0.351683 0.200920 -0.440239 0.305928 0.120238 0.205631 0.039981 -0.216722 -0.218737 -0.227151 -0.110569 -0.308812 0.608550
-0.041829 0.166370 0.140842 0.288121 0.201322 -0.024499 -0.428775 0.493053 -0.107614 0.082250 0.108963 -0.153251 0.563150
-0.380678 0.395524 0.128072 -0.205930 0.390308 0.376335 -0.171944 0.198154 -0.105597 -0.079530 0.260694 -0.239933 -0.078355
0.183475 0.384120 -0.523832 -0.485925 0.378214 -0.328090 0.440288 -0.154375 -0.185963 -0.195869 -0.473712 -0.147068 -0.395612
0.072481 0.441321 -0.159044 -0.283287 -0.358803 0.047953 0.281428 0.263210 0.083301 0.347284 0.266429 -0.485729 0.257575
-0.017350 -0.108583 0.343088 0.472805 0.112331 -0.096422 -0.323656 -0.195894 -0.399019 -0.399836 -0.387144 -0.278485 0.109676
0.338147 -0.401746 -0.368518 0.424023 0.030772 -0.377389 0.311587 -0.120779 -0.376226 0.160326 -0.316428 0.100232 -0.523677
0.123647 -0.433375 0.358072 0.274726 -0.032633 -0.440870 -0.162487 -0.134185 0.333552 0.017022 0.361669 0.074271 -0.180155
0.065973 -0.114640 -0.014519 0.219074 0.008851 -0.270826 -0.007141 -0.417371 0.161031 -0.438328 -0.403320 0.193973 -0.378126
-0.296432 0.043007 -0.399739 0.417765 0.356626 -0.317679 -0.301196 0.347045 0.407070 0.385456 0.109971 0.418071 -0.415767
0.053544 0.308969 0.097650 -0.295880 -0.429194 -0.311255 0.162490 -0.108997 0.294258 -0.473296 -0.301126 0.031879 0.134716
0.258330 0.570791 0.074988 -0.322220 0.099883 0.456507 -0.053800 -0.415500 0.112609 -0.350571 -0.351033 0.121429 -0.254644
-0.528472 0.123383 -0.461686 0.239439 -0.264632 -0.423462 -0.250022 -0.220087 -0.495088 0.138507 0.413929 0.110963 0.110989
0.476792 0.284880 0.050889 -0.111146 0.216796 0.137046 -0.354222 -0.156409 -0.297068 -0.151041 -0.194957 0.334159 -0.160952
0.434848 -0.362288 0.122141 0.410803 -0.063941 0.310235 -0.217971 0.336043 0.227647 -0.123820 -0.437855 -0.387537 -0.506558
0.362465 -0.327639 0.544411 0.333664 0.222573 -0.002460 0.228713 -0.330157 0.128687 -0.312632 0.631250 -0.233162 -0.084028
0.205832 0.005556 0.066749 0.317309 0.063474 0.228737 -0.178264 0.301058 0.180169 0.511003 0.044259 0.434526 -0.130828
-0.526229 -0.454364 -0.217010 0.029852 0.099926 -0.002832 0.306804 0.078975 0.030876 -0.199364 0.172558 -0.043781 0.333066
0.410981 -0.459260 0.088879 -0.170434 -0.215799 -0.053980 -0.154363 -0.243176 0.202052 -0.221626 0.822678 -0.414729 0.015690
0.184482 -0.357715 0.060497 0.063910 0.076453 0.187639 0.355720 0.235367 0.372293 -0.379746 0.246501 0.046385 0.353436
-0.121442 -0.268556 -0.000362 0.373634 0.362705 0.068719 -0.245465 0.461875 -0.200959 -0.298726 -0.131282 -0.166390 -0.021195
-0.317006 -0.059095 0.321649 -0.423730 0.310060 -0.008702 -0.108817 -0.023929 -0.275053 -0.340752 0.626119 0.112158 0.036854
-0.732918 -0.068355 -0.264355 -0.036220 -0.535829 0.477131 0.017421 0.213334 0.201397 -0.290321 0.472199 0.411444 0.350932
-0.375744 -0.196682 0.074630 -0.436391 0.109925 -0.347289 0.281919 0.157763 -0.463147 0.143083 -0.486787 0.206669 0.214774
0.303573 -0.056158 0.096377 0.052345 -0.388328 -0.036880 -0.156111 0.306510 -0.221587 0.003266 0.320924 -0.155485 0.508032
-0.074429 -0.141534 0.221468 0.200069 -0.472346 0.194868 -0.303436 -0.461171 -0.275705 -0.418585 -0.112899 -0.217534 -0.548406
-0.067913 0.248980 0.029098 -0.452476 -0.062802 0.404403 -0.004443 0.088576 -0.199070 -0.326337 0.218415 0.043254 0.388642
-0.008280 0.074899 -0.332339 0.307132 0.028252 -0.129372 -0.048666 0.210621 -0.159134 -0.265494 -0.623402 0.175308 -0.406863
-0.248643 -0.219966 0.250059 -0.175063 -0.273278 0.096500 -0.410742 0.355427 0.332521 0.099236 0.012811 0.008921 -0.007886

Layer 1:
0.294716 -0.028763 -0.112843 -0.224381 -0.227392 -0.132730 0.473585 -0.241810 0.351780 -0.026918 0.386338 0.084376 -0.155528 0.061043 -0.247078 -0.277470 0.166791 0.381854 -0.327523 -0.013073 -0.177400 0.403228 -0.206989 0.178965 -0.031568 0.235603 -0.205294 0.000357 0.098014 -0.181494 0.385161 -0.038473 -0.384564 -0.083744 0.087265 -0.261785 -0.038063 0.272060 -0.086720 0.074813 -0.294548 0.171238 -0.223495 -0.351657 -0.421929 0.244206
0.073037 -0.316982 0.112082 0.414122 -0.224162 0.019618 0.141519 -0.424240 0.242201 -0.132595 0.364784 0.092818 0.454072 0.132690 -0.144818 0.151600 0.058204 0.354449 0.118815 -0.312832 0.382417 -0.016153 -0.196073 -0.005301 0.000984 -0.140519 0.253375 -0.384329 0.035926 -0.154132 0.148602 -0.032709 0.236740 0.393839 0.007082 0.288219 -0.155251 -0.291978 0.304784 -0.058390 -0.366245 0.389528 -0.158493 -0.445110 0.260976 0.499690
-0.338950 0.028143 0.286649 -0.159516 -0.412324 -0.426892 -0.458178 0.349987 -0.355461 0.315317 0.429490 -0.193968 0.170291 0.035230 0.295141 -0.222122 0.195286 -0.242249 -0.075685 0.262026 -0.199971 0.167592 0.085612 -0.493694 -0.342565 -0.171656 -0.276898 0.003610 -0.035061 -0.263615 -0.396064 0.488316 0.453537 0.161586 -0.383533 -0.222499 -0.462402 0.108885 0.185553 0.107750 -0.254526 -0.202380 0.011174 -0.008488 -0.409020 -0.117622
0.229192 0.147313 0.089519 -0.200796 0.196528 -0.120447 -0.146364 -0.012994 0.369090 0.232314 0.347063 -0.044944 -0.076278 -0.126247 0.156021 0.199593 0.107474 0.386291 0.374573 0.488649 -0.048616 0.200620 -0.075107 -0.492045 -0.441483 -0.326043 -0.182242 -0.015144 -0.413371 0.227542 0.036129 -0.126384 -0.251572 -0.368813 0.296151 0.142963 0.326500 0.159040 0.288608 0.342162 -0.376812 -0.162854 -0.192844 -0.069091 0.274647 0.160660
-0.542094 -0.142980 0.480717 -0.234610 0.157398 0.222924 0.434178 -0.000283 0.107850 -0.474556 -0.269887 -0.281126 -0.450371 -0.262341 0.140345 -0.187516 -0.018139 0.447425 0.491761 0.338309 0.423871 -0.062264 -0.259230 0.109198 0.085071 0.150391 0.269529 0.131855 -0.095632 0.242124 0.128946 -0.245501 0.315910 0.371691 -0.007179 -0.206917 -0.092575 -0.049236 0.253623 0.328524 -0.064383 0.123133 -0.388148 0.175569 -0.343183 -0.299415
-0.281845 -0.344536 0.371213 -0.202660 -0.280511 -0.049772 -0.068173 -0.263916 -0.410733 0.071714 -0.096697 0.061780 -0.047626 -0.204155 -0.252042 0.348149 -0.410295 0.360533 -0.212847 -0.131323 0.076452 -0.255882 -0.074733 0.156931 0.126325 0.180701 -0.478577 -0.307342 -0.324759 0.167539 0.299982 0.324120 0.276250 -0.075457 -0.304423 0.359628 0.371610 0.057279 -0.251204 0.278180 -0.151555 0.188922 0.128042 -0.163764 0.394175 -0.052606
0.456479 -0.381778 0.096431 0.433506 0.078788 0.372576 0.162271 -0.125851 0.196519 0.354739 -0.258349 0.217518 -0.462385 -0.395984 0.032563 -0.053942 -0.406217 0.141595 -0.008671 0.230447 -0.005953 0.165690 -0.346310 -0.437684 -0.435320 -0.409327 -0.106318 0.460138 0.291906 0.139395 0.414508 -0.043341 -0.179917 0.233467 -0.030396 0.351293 0.279433 0.146637 0.412786 0.236200 0.414634 0.017403 -0.004699 -0.442706 0.410727 -0.120865
-0.227859 -0.198663 0.149598 -0.004150 -0.394498 0.055679 0.349102 0.360420 0.433398 -0.200781 -0.180295 -0.049282 0.269459 -0.279799 -0.069542 -0.439127 -0.172523 -0.402707 0.088898 0.349614 -0.028369 -0.415513 -0.030732 0.172530 -0.268933 -0.158278 0.137981 -0.171535 0.347801 0.116716 0.097792 0.087950 0.041923 0.330183 -0.072376 0.111859 -0.161842 0.230151 -0.117679 -0.041024 -0.037964 0.094552 -0.029962 0.278656 -0.322539 -0.405296
0.250193 0.149261 -0.113593 0.156244 -0.098567 0.304052 -0.232211 -0.336314 0.359188 -0.354322 -0.292725 -0.360477 -0.046389 0.351017 -0.350583 -0.055476 0.206885 0.279805 -0.309987 -0.048435 -0.327387 -0.126742 0.033851 -0.441387 0.375239 0.256377 0.040069 0.297085 0.220238 0.353499 0.166865 -0.095874 0.398573 0.315116 0.189766 0.366592 0.409696 -0.343405 0.313739 -0.018685 0.407742 -0.069435 -0.137511 0.228046 0.286207 0.114356
0.040999 0.252744 -0.461215 -0.064873 -0.392667 0.034610 -0.205705 0.243361 -0.093912 -0.361307 -0.295452 -0.480982 -0.104813 -0.260670 -0.024095 -0.140749 0.505350 0.321647 0.186949 -0.285801 0.081249 0.090939 -0.086934 -0.244767 -0.142469 -0.040720 0.300804 -0.185248 -0.137698 0.034009 -0.136192 -0.255976 -0.276802 0.037114 -0.194087 -0.002765 0.390532 -0.394523 -0.408795 -0.202396 -0.365399 0.106359 -0.076975 0.346918 0.005965 0.435372
0.096846 -0.001250 0.120314 0.179926 -0.215993 0.472021 -0.478861 0.195186 0.369256 0.375476 0.181773 0.429404 -0.292447 -0.263682 0.377739 0.088231 -0.407199 0.475808 0.243632 0.055456 -0.351434 -0.244690 0.116462 -0.328631 -0.116375 -0.005000 -0.261540 -0.394284 0.214721 0.055543 0.250427 -0.019233 -0.073767 0.414594 -0.032118 0.274028 -0.419964 0.268842 0.410155 -0.257806 0.166596 -0.398095 -0.175904 0.336391 -0.195809 0.274974
0.349013 0.363769 -0.214192 0.369656 -0.154193 0.242563 0.404170 0.204990 0.212978 -0.399456 0.013747 -0.084345 -0.153378 -0.242970 -0.465883 0.285101 -0.022992 0.256001 0.337748 0.005764 0.371189 0.325243 -0.410513 -0.071088 0.132250 -0.173468 0.118208 0.441086 -0.164112 -0.271655 -0.041896 -0.135688 0.370191 0.088381 -0.352396 -0.357689 -0.441560 0.297020 0.130625 -0.127435 0.010852 -0.243434 -0.365715 -0.230526 0.070875 0.011760
0.411112 0.365009 -0.122275 -0.325313 0.021827 0.463939 -0.371148 0.379914 0.247203 0.051479 -0.218587 -0.130452 0.221855 -0.450675 -0.320209 0.098289 0.018484 0.008296 -0.188160 -0.045730 -0.103333 0.259957 -0.386112 0.018306 0.399886 -0.413094 -0.313460 0.322867 0.278186 0.303086 0.033298 0.304600 -0.391119 0.277008 -0.183692 -0.223080 0.302344 -0.202187 0.362160 0.190785 0.056201 0.106104 -0.237730 0.084152 0.073666 -0.131992
0.396253 -0.288589 0.302588 -0.319543 0.275187 0.464695 -0.418319 -0.124776 -0.315559 0.375244 -0.028059 0.045388 -0.029781 0.248091 0.133878 -0.151305 0.361311 -0.149761 -0.246349 0.329203 -0.007658 0.423754 0.276839 0.301355 0.386436 0.322471 -0.411805 0.572778 0.403254 -0.421569 -0.232513 0.171058 -0.109412 0.345141 0.305212 -0.225155 0.339624 -0.318720 0.347938 0.276054 -0.309870 -0.153406 0.275629 -0.226296 -0.237507 -0.090035
-0.153893 -0.360315 0.132283 -0.458370 -0.396648 -0.413567 0.063999 0.150948 -0.440302 0.220210 -0.042186 0.128453 0.301514 -0.225156 -0.192410 -0.486539 0.217652 0.204557 0.151100 0.046095 -0.202830 0.447262 0.073691 0.369158 -0.247894 -0.024757 0.439867 0.009093 -0.195784 -0.318639 -0.010017 0.424239 -0.134408 -0.321722 -0.221083 -0.329950 -0.412629 0.387905 0.155943 0.283581 -0.377033 0.423941 -0.031088 -0.255409 0.043502 0.340370
0.062681 0.175547 0.050711 0.520009 -0.000824 0.300170 -0.410638 0.448512 0.533889 -0.170660 0.335322 0.416018 0.290676 0.028816 -0.035787 -0.424499 -0.431048 -0.447274 -0.427614 0.186465 -0.208147 0.384838 -0.150849 0.236396 -0.240250 0.283336 -0.011088 0.154594 0.089248 -0.200151 0.366645 0.505335 0.158239 0.099166 -0.424176 -0.421517 -0.433171 -0.307495 -0.029681 -0.241368 -0.463153 0.142781 0.328082 0.258728 0.255473 0.300107
-0.108905 0.435592 0.343023 -0.400162 -0.257381 -0.349672 0.037306 -0.092181 0.338734 0.014014 0.116313 0.438325 -0.450221 -0.111166 -0.237361 0.217777 -0.104897 -0.423981 -0.028430 0.236909 0.371983 0.381281 0.220210 -0.321378 0.179687 0.361111 -0.466641 0.369890 0.094199 0.466545 0.078674 0.192731 0.396650 0.340791 0.012359 0.201007 -0.268549 -0.385263 0.376252 -0.195045 0.120117 0.346858 0.289429 0.139876 -0.317402 0.069457
0.143619 -0.262471 -0.425419 -0.427150 0.356736 -0.057398 0.289324 -0.312672 -0.370843 -0.442408 0.450059 -0.367457 0.019836 -0.418129 0.318596 0.220901 0.152258 0.180240 0.277948 0.254413 -0.037725 -0.140566 0.101865 -0.160457 -0.089586 -0.081735 -0.125888 0.326440 0.433025 0.045804 -0.074731 0.411958 -0.087770 0.197763 0.361170 0.514030 -0.292761 -0.352600 0.209208 -0.332713 -0.013679 0.413838 -0.018481 0.251036 0.176742 0.285653
0.364756 -0.224060 0.326192 0.298192 -0.067008 -0.394256 0.428214 -0.142696 0.225751 0.206484 -0.035719 -0.450648 0.284072 -0.237672 0.039888 0.414194 0.336890 -0.207559 -0.465568 -0.389223 0.144503 -0.441208 -0.356013 -0.325443 0.043377 -0.246473 -0.345573 -0.059827 -0.011411 0.435384 -0.120523 -0.069557 -0.195444 0.078651 0.209758 0.060566 -0.010316 0.445925 0.073425 -0.290617 0.368856 0.272428 -0.230527 -0.239238 -0.313357 0.266789
0.027624 -0.337677 0.131729 0.222015 -0.391883 0.439573 0.172012 0.087101 -0.090538 0.240107 0.115059 0.183875 -0.454137 -0.386010 -0.192576 -0.206692 -0.393278 0.149139 -0.413078 -0.157123 0.324705 -0.459101 0.046472 -0.007601 -0.208531 0.132500 0.089291 0.078893 -0.159864 0.151033 -0.098021 -0.174574 0.459068 -0.151987 0.286120 0.035766 -0.041190 -0.102921 0.182806 0.011192 -0.158666 -0.176846 0.383041 -0.477123 -0.127512 -0.079116
-0.175742 -0.287413 0.324615 0.240908 -0.212079 0.405206 -0.075482 -0.412145 0.160022 0.208414 0.452717 -0.248345 0.166701 0.246646 -0.212282 -0.104526 0.157671 -0.299065 -0.456124 -0.306850 0.286262 0.111502 -0.153176 0.389326 0.229369 0.464222 -0.015933 0.314687 -0.242739 -0.000333 0.463724 -0.084366 -0.017119 0.251163 0.200808 -0.127758 -0.158845 -0.428484 -0.259170 -0.391595 -0.227026 0.240453 -0.412321 -0.450365 -0.170081 0.262374
0.439650 0.035521 -0.537412 0.250140 -0.400699 0.117250 -0.323821 -0.061946 -0.036922 -0.077773 -0.401594 0.083219 -0.173906 0.139329 0.182189 0.265276 -0.394055 0.410368 -0.327193 0.188625 -0.338395 0.551262 -0.222139 -0.479070 0.153969 -0.455498 -0.231783 -0.126629 -0.095515 -0.115312 -0.300614 -0.052537 0.300775 0.166322 -0.060651 0.282982 -0.271350 -0.190166 0.369428 -0.375734 -0.198209 0.180907 -0.387332 0.247320 -0.441991 -0.163774
-0.285349 0.292405 -0.003789 0.153970 0.204918 -0.339501 0.448163 0.268340 -0.000159 -0.013139 -0.044335 0.034333 0.198288 -0.133572 0.396821 -0.052484 0.359339 0.471720 -0.185955 0.067277 -0.248320 0.040644 -0.163235 -0.333733 -0.147071 0.260655 0.365720 -0.381894 -0.319398 -0.118437 -0.196915 0.297775 0.359613 -0.279688 -0.302582 -0.365024 0.345247 -0.254587 -0.293759 -0.092541 0.366028 0.449400 -0.070281 0.068798 -0.334035 -0.025931
0.299879 -0.049260 0.188374 0.378940 -0.144240 0.227473 -0.066094 -0.301083 0.043333 0.231673 0.337142 0.082410 -0.344581 -0.175757 0.314102 -0.446730 -0.208701 0.093745 -0.062590 -0.393394 0.189513 -0.232825 0.460993 -0.141894 0.127960 -0.132356 0.106883 0.069717 0.120967 0.238838 0.077997 0.326282 -0.133072 -0.191532 0.412653 -0.059995 -0.427233 -0.099873 -0.229458 -0.166004 -0.135338 0.385686 0.465124 0.072582 0.034131 0.342456
-0.328760 -0.214884 0.259318 -0.402193 -0.087046 -0.187309 0.256296 -0.113623 0.312433 0.112533 0.103053 0.195923 -0.206359 0.192835 0.441576 -0.371136 0.416386 -0.468517 -0.058283 0.473756 -0.021432 0.109787 -0.355667 -0.250300 0.447433 0.414648 0.318584 0.007973 -0.123789 -0.386500 0.106540 0.221091 -0.307468 0.226540 -0.163625 -0.178997 0.164091 -0.135824 0.299635 0.230288 -0.014698 0.320900 -0.376096 0.366746 0.273561 0.269342
-0.095221 -0.483001 -0.073681 0.485617 -0.302441 0.292335 -0.341648 -0.508314 0.309004 0.132851 -0.119296 -0.191113 -0.167025 -0.053120 -0.253080 0.182191 -0.386316 0.174425 -0.187656 -0.279778 0.587419 0.351612 -0.276602 0.468660 -0.388438 0.399490 -0.264553 0.146593 0.273577 -0.209274 0.132299 -0.472828 -0.079831 0.044628 -0.058268 -0.207355 -0.267249 -0.060932 -0.209804 -0.032702 -0.374727 -0.307862 -0.397018 0.248663 0.416703 -0.480732
0.117084 -0.224381 0.228835 0.214711 -0.112048 -0.272370 0.287888 0.190327 -0.003906 -0.310328 -0.236863 -0.397774 0.305240 0.349690 0.537427 0.284218 0.362177 0.219281 -0.461144 0.058769 0.137177 0.291920 -0.055138 -0.019605 -0.085943 -0.341803 -0.102573 -0.183042 -0.092911 0.004208 -0.340712 -0.411746 0.244253 -0.169102 -0.047426 0.292788 0.079839 0.257784 0.101502 0.404024 0.347004 -0.242646 0.111764 0.242023 -0.429415 -0.410311
-0.154581 0.443904 0.319071 -0.274663 -0.005863 0.203115 -0.370516 -0.067836 -0.233463 -0.448172 0.196647 -0.079644 0.405004 0.086924 -0.440387 0.213754 0.375744 -0.202041 -0.176820 0.181316 0.264952 -0.366882 0.026563 0.146037 -0.029135 0.097263 -0.455249 -0.426168 0.329064 0.489553 -0.108975 0.369940 -0.208914 0.036847 0.478629 -0.122740 0.461592 -0.140835 -0.014409 -0.284288 -0.085248 -0.335511 -0.419624 0.114985 0.045612 -0.262925
0.290961 0.383691 -0.402082 -0.279608 -0.341311 0.243540 -0.238366 -0.017937 -0.270271 -0.252128 0.097487 0.364900 0.409754 0.065067 0.389852 0.595876 0.243927 -0.144214 0.068225 -0.392131 -0.056403 -0.365791 0.115972 -0.398569 0.379705 -0.072785 0.127135 0.004559 0.280344 0.121949 0.400778 -0.016472 0.466856 0.246133 -0.251946 0.308178 0.422638 -0.039758 -0.024143 -0.156699 -0.568934 -0.254350 -0.364730 0.494209 -0.384936 0.385573
-0.190267 0.247380 0.369068 -0.492628 0.345452 0.279843 0.310668 -0.084276 0.258964 -0.445461 -0.434858 -0.323435 0.398701 -0.275386 0.333621 -0.251170 0.414331 0.422312 0.351518 -0.081281 0.358584 0.471264 0.436639 0.066348 -0.302207 0.269010 0.211884 0.250183 0.150429 0.143637 -0.149787 -0.212713 -0.283142 -0.084523 -0.133181 0.251997 0.446156 0.130624 0.126055 0.304136 0.249624 -0.396391 0.248649 -0.079411 0.073547 0.005470
-0.116273 0.411150 0.087691 0.485413 0.058042 0.306754 0.411316 -0.004078 0.045092 -0.027247 -0.210981 0.153612 0.455748 -0.171777 -0.127317 0.453536 -0.004290 -0.243726 0.203422 -0.250175 0.443863 -0.195644 0.183301 0.048126 -0.391535 0.435628 -0.204762 0.273772 -0.169208 -0.096306 -0.271691 -0.425051 0.259826 0.425985 0.299030 -0.418153 0.406658 0.071655 0.173124 0.162242 0.427781 -0.446733 -0.021075 0.220035 -0.311486 0.232203
0.388160 -0.081269 0.233848 0.134742 -0.329539 0.182587 0.222321 0.440014 0.062370 -0.028415 0.108011 0.344201 0.273945 -0.034001 -0.434681 -0.463975 -0.302463 0.038829 -0.313535 -0.266201 -0.463733 0.238454 -0.280562 0.273018 0.056534 -0.336112 -0.485598 -0.250305 0.023115 0.050456 -0.300335 -0.368975 -0.254326 -0.151573 -0.111180 -0.400981 0.060747 -0.046093 0.040956 -0.132763 -0.413848 -0.186924 0.183920 0.317157 0.377214 -0.110534
-0.434620 0.469170 0.190181 -0.009525 -0.003567 0.167445 0.353646 -0.160568 0.379202 -0.436918 0.204120 -0.150175 -0.175690 0.114979 -0.122788 -0.172782 0.080537 -0.221777 -0.444609 -0.076473 -0.102436 -0.309328 -0.125752 0.399946 0.462452 0.391676 0.177142 0.164849 -0.118116 -0.314475 0.326073 0.247542 0.093607 -0.401873 0.030934 0.175991 -0.332737 -0.454483 0.437572 0.267544 -0.291140 -0.183911 0.187893 0.445616 0.309171 -0.005744
-0.116626 -0.191920 -0.303047 0.135375 0.126636 -0.255157 -0.186081 0.501367 -0.108828 0.632550 0.187500 0.210173 0.340005 -0.297819 -0.534017 0.128285 -0.236875 0.400055 -0.391270 -0.014971 0.300364 -0.252151 -0.043671 -0.058855 0.345225 0.130775 0.354318 0.453579 0.238992 0.311223 -0.435597 0.345188 0.253060 0.112831 -0.091122 -0.189296 -0.372043 -0.247724 -0.537611 -0.074086 0.376201 -0.439055 0.021433 -0.456792 0.370262 0.207020
-0.204321 0.020008 0.184871 -0.389682 0.449658 0.166125 0.346349 -0.153588 0.240091 0.386776 0.060475 -0.466545 -0.059530 -0.012610 0.393742 0.129566 -0.247026 -0.220850 -0.196403 -0.368220 0.061812 -0.071067 -0.464708 0.355850 -0.060416 -0.333919 -0.333319 0.036485 0.154427 -0.313268 0.072285 -0.456197 -0.403859 -0.181210 0.470819 -0.414682 0.421322 -0.333106 0.178304 -0.229005 -0.231168 -0.090364 -0.128100 0.329175 0.281893 0.397364
0.087883 -0.411794 -0.266091 -0.384147 0.302448 0.345131 0.354507 -0.356397 0.189319 0.115420 -0.101565 -0.373355 -0.204149 -0.111335 0.313516 -0.094484 -0.437072 -0.080416 -0.343217 0.068687 0.187790 -0.118830 -0.186947 -0.166074 0.473257 -0.194263 -0.028598 -0.029593 -0.384308 0.127670 0.325456 0.149423 0.261203 -0.331426 0.004583 0.318714 0.266543 0.378892 -0.172931 0.447800 0.364515 -0.289818 -0.071199 -0.313823 0.097477 0.086175
0.338770 0.187738 -0.028353 0.249733 0.365201 -0.347586 -0.425847 -0.378284 -0.494552 -0.382548 -0.120405 -0.213530 0.237735 0.188632 -0.206399 -0.120180 0.214772 -0.198340 0.070990 -0.306227 0.432061 0.339519 0.200245 0.428082 -0.417680 0.143968 -0.059303 0.227277 -0.357179 0.343201 -0.124474 0.131473 -0.008313 0.142086 0.215989 0.322448 -0.131970 -0.364991 -0.457423 -0.445178 -0.211947 0.050983 -0.053302 -0.193125 0.334201 -0.329769
-0.274375 -0.132941 0.198275 -0.345771 0.449454 0.095775 -0.392385 -0.451277 0.120665 0.198663 -0.194072 -0.349755 -0.344774 0.337133 -0.004980 0.343545 -0.214664 -0.411636 -0.129410 -0.403502 -0.031458 -0.103068 -0.193664 0.398518 -0.292160 -0.048158 0.108193 -0.418663 -0.294457 0.030837 0.257480 0.190006 0.188059 -0.439316 0.152516 -0.094526 -0.008766 0.200945 -0.138968 -0.219826 0.333124 -0.127024 -0.315721 0.047382 -0.264482 -0.306551
0.430278 -0.437182 0.167338 -0.271056 -0.007189 0.375941 -0.001908 -0.065419 0.032117 -0.220145 -0.036034 0.272829 0.069137 0.092071 -0.014162 -0.260053 0.031194 0.215457 -0.169591 -0.257119 0.046746 -0.036799 -0.144100 0.257307 -0.185188 -0.130638 0.046063 0.444866 -0.187777 -0.178032 -0.259245 0.087076 0.267776 -0.393142 0.064979 0.355286 -0.423746 -0.101386 0.050576 -0.466352 0.107436 -0.285653 0.278929 -0.233114 -0.207861 0.277082
0.608832 -0.521492 -0.255228 -0.191650 -0.348860 0.468230 -0.489548 0.229818 0.404963 0.043049 0.105503 0.344092 0.027166 0.218085 -0.219852 0.318589 -0.058766 0.251196 -0.360319 -0.283772 -0.118095 -0.145254 -0.195598 -0.233884 0.326224 0.160725 0.439437 -0.391132 0.557837 -0.580253 0.459389 -0.224963 0.027829 0.286892 -0.562567 0.288202 -0.009602 0.425719 -0.198005 0.038975 0.321996 -0.344893 -0.467078 0.184631 0.496526 0.280926
0.021625 -0.344659 0.241643 0.258777 0.455830 0.350865 -0.111958 0.159249 0.205623 0.294301 0.329421 -0.100756 -0.268451 -0.025445 -0.341241 -0.406345 -0.160256 -0.216919 -0.029007 -0.011372 -0.023022 0.427073 -0.250720 -0.354588 -0.368081 0.360756 0.207207 -0.065581 0.093488 0.393765 -0.118079 -0.383581 -0.347614 -0.005119 0.262490 -0.008782 0.106127 0.341067 0.295855 -0.198091 -0.203071 -0.268308 -0.301689 -0.393119 -0.095524 -0.010436
-0.062011 -0.212611 -0.044126 0.449484 0.016486 -0.335224 0.162806 0.250813 -0.438134 -0.120477 -0.442960 -0.329359 0.240168 -0.338665 -0.439842 0.469937 0.499702 -0.245487 0.219784 0.137959 -0.076881 0.110613 -0.256529 0.288051 -0.195464 0.036505 -0.277104 -0.301952 0.194065 -0.334314 -0.275390 -0.463957 0.059496 -0.161762 0.105493 -0.144453 0.012057 -0.361208 -0.130159 -0.095413 0.018203 -0.158389 -0.005996 -0.150134 0.282862 -0.172694
-0.252953 -0.306838 0.167127 0.490276 -0.094287 0.191696 0.013673 -0.001278 -0.315307 0.332490 0.327435 0.104002 -0.415782 -0.207836 -0.076143 0.071619 0.209744 -0.426394 0.370058 -0.384128 0.403857 -0.451413 -0.014615 0.016322 0.409452 -0.226130 0.347404 0.434320 -0.259587 0.039691 0.329522 0.387965 0.069841 -0.370402 0.120892 0.294194 0.346673 0.021606 -0.324605 0.338624 -0.029019 -0.211202 -0.042771 -0.456678 -0.081572 -0.159469
-0.166441 0.184491 -0.349048 -0.215030 0.386492 -0.194968 0.115183 -0.160291 -0.410751 -0.147182 -0.424025 -0.351670 0.101857 -0.000943 0.345632 -0.128669 0.104408 0.472029 0.413797 0.193506 0.169289 -0.214864 0.472720 -0.145526 -0.426644 -0.077014 -0.023655 -0.539068 0.082954 -0.193728 -0.441974 0.274874 -0.233530 0.124152 0.047415 0.469200 -0.317286 0.520690 0.378760 0.056555 -0.160867 -0.223860 -0.058338 0.071536 -0.458651 -0.338831
0.164321 0.389033 -0.033301 -0.476637 -0.137837 0.114073 0.255035 0.072496 0.072992 0.443170 -0.253953 0.052287 0.192111 -0.095216 0.308641 0.207814 0.234892 0.245455 0.408331 0.402274 -0.357648 -0.057981 0.374428 -0.019994 -0.173309 -0.350392 -0.210565 0.239696 0.374952 -0.214764 0.183670 0.395406 0.225308 0.347084 0.272563 -0.348522 0.079914 -0.443259 -0.033892 0.388644 -0.317961 0.447104 0.443926 -0.129882 -0.072949 -0.157092

Output Layer:
0.057103 0.402017 -0.238784 0.348046 0.124497 -0.585011 -0.040214 0.161159 -0.423375 -0.241940 0.054859 -0.337476 -0.147953 -0.136092 0.587358 0.144865 0.643948 -0.386136 -0.203355 -0.152881 -0.250703 0.270344 -0.094529 0.094044 -0.024668 0.177240 -0.805078 0.236963 -0.591926 -0.706678 -0.280389 -0.372506 0.163892 0.390028 -0.364710 -0.070797 0.290588 -0.632233 -0.104514 0.245659 0.037961 0.242441 -0.215222 -0.053053 -0.614873 0.253524
-0.159339 0.214648 0.034230 -0.323676 -0.497113 -0.159300 0.194209 -0.398086 -0.102204 -0.321707 0.305858 -0.484198 0.250928 -0.231617 -0.039868 0.196188 0.016786 -0.005520 0.154876 0.144045 0.418001 0.529388 0.820486 0.298790 0.158218 -0.133955 -0.083857 -0.600103 0.261472 0.142992 0.156438 0.346771 0.443742 -0.188002 -0.736546 0.024521 -0.280319 0.239772 -0.055776 0.035023 -0.865853 0.326173 0.522452 0.225311 -0.219703 -0.398734
-0.218923 -0.349278 0.147981 -0.285215 0.001740 0.351844 0.084584 -0.187722 -0.191932 0.131244 0.235612 0.370160 -0.035703 -0.353469 0.407283 -0.129601 -0.184890 0.314706 0.384632 0.427626 0.392642 -0.112843 0.262553 -0.071810 -0.130318 0.391825 -0.128946 0.371468 0.269455 -0.011042 -0.391952 0.004009 0.233081 0.158524 -0.472879 0.436063 0.330372 -0.197377 -0.225889 0.258623 0.343504 0.054909 -0.044599 0.047384 -0.017324 0.241013

Standardization:
0.032921 -0.008687 -0.637525 0.008725 0.036950 -0.002914 0.010811 -0.006250 0.995351 5.374610 2.617929 -0.060062
0.753120 0.709937 0.800338 0.713221 0.703680 0.008335 0.066750 0.068648 0.000688 6.589756 3.254379 0.222514
-0.003805 -0.155716 8.150022
1.002238 0.875146 9.974554
