Layer 0:
-0.056408 -0.366258 0.146981 -0.033254 -0.460829 -0.107156 -0.042096 -0.243223 0.161708 -0.411873 -0.006347 -0.269698 -0.193626
-0.137143 0.296011 -0.049817 -0.276843 0.331797 -0.486103 -0.009074 -0.363782 -0.351080 0.184770 -0.110268 0.420348 0.167282
0.304746 -0.112305 -0.122223 -0.332288 0.196034 -0.543093 -0.088228 -0.032257 0.157224 -0.133692 -0.239205 0.402520 -0.524183
-0.426979 -0.255524 0.204072 0.358222 -0.176848 -0.122670 0.042138 0.419366 -0.031569 -0.210010 -0.190181 -0.169729 0.219896
0.338055 0.065045 -0.105813 -0.561558 -0.302257 0.277062 0.098951 0.182239 0.017793 0.323278 -0.109663 0.303465 0.005917
-0.468453 0.022924 -0.007216 0.274868 0.086966 -0.586021 0.059358 -0.019560 -0.189025 -0.064336 0.376233 -0.041792 -0.346851
-0.119641 -0.174103 0.318402 -0.086211 0.367288 -0.056058 -0.457800 -0.418685 0.052353 0.503514 -0.174645 -0.163712 0.252862
0.050754 0.024147 0.132987 -0.139337 -0.409734 0.148531 -0.300505 -0.077402 0.046704 0.440586 0.243871 0.361016 -0.336139
-0.476032 -0.568819 -0.260380 0.495577 -0.174212 -0.108288 0.327378 -0.120499 -0.165470 -0.113428 -0.686108 -0.346819 0.139921
-0.278695 -0.456569 0.116394 0.050568 -0.092962 -0.251152 0.045698 -0.295688 0.213501 0.446945 0.178118 -0.165901 -0.339475
0.044200 -0.071221 -0.027024 -0.043075 -0.268613 0.286724 0.263578 0.203249 0.493258 0.073808 0.025783 0.503038 -0.065720
-0.068090 -0.278591 0.436284 -0.004600 0.186677 0.266278 0.449980 -0.335834 0.196744 -0.282132 -0.146660 0.234940 0.324095
0.246309 0.270770 -0.295330 -0.246945 0.133005 0.163026 0.015609 -0.365035 0.335614 -0.414133 0.004160 -0.452411 0.108898
0.326410 0.240647 -0.420206 0.092605 0.190323 -0.522485 -0.023411 -0.044113 -0.400350 -0.314900 0.749055 -0.368847 -0.105116
0.447439 -0.257712 0.079347 0.054431 -0.335554 0.119789 -0.099501 0.046713 0.328426 -0.050841 0.639277 0.082596 -0.248778
-0.001635 0.099219 -0.272567 0.340487 -0.235861 -0.444628 0.467352 -0.446630 0.117045 -0.341750 -0.037089 0.023936 0.450080
-0.368230 0.215483 -0.449558 0.318188 0.122122 0.189951 0.043447 -0.225218 -0.234491 -0.229450 -0.098768 -0.311405 0.615470
-0.042423 0.187080 0.154684 0.269767 0.195481 -0.034206 -0.458584 0.501995 -0.087725 0.102690 0.152007 -0.141595 0.550025
-0.388851 0.388235 0.131171 -0.221170 0.399298 0.360307 -0.158454 0.178870 -0.123806 -0.102451 0.275384 -0.260543 -0.096618
0.187666 0.374771 -0.509169 -0.490405 0.360118 -0.328940 0.438303 -0.159290 -0.173112 -0.197538 -0.472764 -0.147926 -0.361767
0.062354 0.440949 -0.192166 -0.328393 -0.337697 0.066252 0.308854 0.244373 0.073751 0.333363 0.291694 -0.513563 0.217110
-0.011559 -0.119300 0.336678 0.490075 0.129305 -0.107719 -0.332123 -0.201905 -0.417428 -0.408821 -0.375897 -0.284350 0.133783
0.322835 -0.406777 -0.375508 0.436597 0.029880 -0.365348 0.332303 -0.113732 -0.371255 0.144745 -0.312488 0.084214 -0.513139
0.111093 -0.424888 0.387618 0.288831 -0.054602 -0.428916 -0.171112 -0.124005 0.369346 0.020381 0.315514 0.081641 -0.191308
0.077894 -0.118847 -0.002244 0.216640 -0.003542 -0.275859 0.008678 -0.421001 0.160367 -0.460957 -0.406225 0.182879 -0.396876
-0.295473 0.044912 -0.409768 0.434869 0.365660 -0.330419 -0.302960 0.366595 0.407928 0.389987 0.139782 0.424722 -0.410588
0.053868 0.302713 0.095091 -0.301713 -0.434355 -0.311625 0.178674 -0.101659 0.293854 -0.496760 -0.311507 0.021809 0.144663
0.275081 0.588223 0.070263 -0.336670 0.108639 0.462085 -0.051602 -0.410117 0.116101 -0.354636 -0.378060 0.129775 -0.272991
-0.562203 0.158888 -0.452806 0.242839 -0.290357 -0.431252 -0.245640 -0.210757 -0.498874 0.136290 0.446919 0.095930 0.088238
0.496524 0.273533 0.059004 -0.125626 0.214904 0.149600 -0.348764 -0.154914 -0.301291 -0.171236 -0.193628 0.328706 -0.169234
0.443381 -0.350263 0.115044 0.435931 -0.055518 0.325709 -0.247080 0.359903 0.233325 -0.107132 -0.438606 -0.372606 -0.475591
0.356660 -0.339503 0.559865 0.366925 0.224952 0.015274 0.236925 -0.305932 0.117889 -0.326782 0.645530 -0.242793 -0.050183
0.209453 -0.012780 0.044500 0.320217 0.088685 0.228896 -0.160430 0.322959 0.172192 0.495642 0.057384 0.423043 -0.114063
-0.521765 -0.469634 -0.212706 0.032035 0.092880 -0.011572 0.318673 0.071323 0.047810 -0.209191 0.175752 -0.052224 0.339693
0.403399 -0.441807 0.091972 -0.162817 -0.221878 -0.044475 -0.165277 -0.224674 0.208701 -0.223146 0.819270 -0.419897 0.023787
0.195768 -0.356337 0.043095 0.073484 0.097018 0.189194 0.348748 0.230640 0.385734 -0.374458 0.246573 0.056908 0.374010
-0.121199 -0.276865 0.010776 0.377031 0.359994 0.054632 -0.263919 0.457964 -0.201373 -0.294034 -0.128699 -0.157015 -0.036002
-0.332646 -0.057989 0.331420 -0.434693 0.314990 -0.028450 -0.105228 -0.040929 -0.272599 -0.352897 0.653614 0.110940 0.031575
-0.744381 -0.093073 -0.274530 -0.041473 -0.544309 0.480696 0.000220 0.199969 0.207509 -0.286353 0.480798 0.442086 0.351664
-0.376443 -0.193349 0.099404 -0.439911 0.089434 -0.370873 0.318796 0.162055 -0.466384 0.116091 -0.491634 0.182804 0.217105
0.317581 -0.064026 0.113404 0.052098 -0.412111 -0.027109 -0.175249 0.318960 -0.212435 0.015102 0.304537 -0.145016 0.512225
-0.119106 -0.116543 0.196868 0.238782 -0.453685 0.208473 -0.259016 -0.456421 -0.309006 -0.491457 -0.099145 -0.276612 -0.483133
-0.087341 0.262145 0.021671 -0.442993 -0.056172 0.393922 0.013502 0.101895 -0.221654 -0.341096 0.215930 0.031146 0.407556
-0.001014 0.098522 -0.345062 0.305507 0.033897 -0.121829 -0.055918 0.218662 -0.169255 -0.270173 -0.618719 0.182172 -0.413559
-0.253318 -0.227135 0.251702 -0.182397 -0.275438 0.113999 -0.408754 0.373247 0.332019 0.089881 0.024874 -0.002329 -0.022388

Layer 1:
0.306986 -0.023482 -0.108756 -0.222811 -0.240622 -0.129657 0.482066 -0.241704 0.373367 -0.038190 0.395907 0.089720 -0.161375 0.053575 -0.251962 -0.280122 0.160192 0.378036 -0.335208 -0.011960 -0.166839 0.403131 -0.212767 0.185778 -0.032672 0.243220 -0.211483 0.001324 0.106283 -0.183207 0.399510 -0.041517 -0.395874 -0.078524 0.086341 -0.264447 -0.044706 0.275094 -0.092591 0.083190 -0.301190 0.168915 -0.234945 -0.361778 -0.428907 0.253631
0.078426 -0.326182 0.112857 0.424574 -0.228533 0.019392 0.143381 -0.434357 0.247230 -0.130681 0.376875 0.095762 0.466008 0.139121 -0.148564 0.155762 0.061975 0.359691 0.121395 -0.323853 0.384209 -0.015396 -0.202273 -0.009554 0.008483 -0.143887 0.261336 -0.392660 0.034911 -0.158943 0.149975 -0.031663 0.246600 0.400693 0.006829 0.298373 -0.156335 -0.300244 0.312162 -0.060053 -0.374331 0.401928 -0.164993 -0.456977 0.262754 0.512040
-0.350186 0.031316 0.292031 -0.161204 -0.416966 -0.436161 -0.470006 0.357382 -0.361514 0.319138 0.436684 -0.196688 0.176935 0.034106 0.288499 -0.220947 0.203634 -0.247226 -0.072413 0.267646 -0.202130 0.167579 0.087749 -0.502582 -0.349570 -0.177628 -0.289018 0.005521 -0.037543 -0.265418 -0.408368 0.493581 0.463913 0.165227 -0.389795 -0.227072 -0.469988 0.111484 0.190309 0.111189 -0.263516 -0.202107 0.003130 -0.005783 -0.423207 -0.115729
0.254710 0.155532 0.103994 -0.185060 0.187366 -0.128415 -0.142460 -0.009447 0.372818 0.229971 0.364841 -0.051979 -0.082953 -0.123445 0.170538 0.212496 0.114731 0.387391 0.369778 0.492326 -0.038070 0.190057 -0.079826 -0.481978 -0.438809 -0.327240 -0.183785 -0.022731 -0.424698 0.241736 0.042385 -0.134838 -0.252119 -0.386418 0.301123 0.149258 0.328551 0.156587 0.303327 0.334054 -0.389157 -0.171455 -0.201053 -0.078635 0.279985 0.154529
-0.572596 -0.136250 0.470510 -0.261659 0.187641 0.212617 0.457515 -0.011002 0.089968 -0.461839 -0.271600 -0.294108 -0.449547 -0.269821 0.148288 -0.194378 -0.007144 0.471211 0.501629 0.346371 0.413080 -0.049596 -0.253501 0.114648 0.088107 0.156321 0.269283 0.139022 -0.113648 0.243917 0.107672 -0.239903 0.339145 0.373808 0.010028 -0.198986 -0.076913 -0.036339 0.269776 0.337973 -0.059469 0.135178 -0.379278 0.185419 -0.352975 -0.306110
-0.291712 -0.354666 0.383876 -0.209560 -0.290320 -0.052240 -0.069292 -0.268296 -0.419196 0.069642 -0.097508 0.061914 -0.050934 -0.211141 -0.250674 0.352194 -0.424731 0.370034 -0.216847 -0.131907 0.080016 -0.262157 -0.075987 0.158698 0.126808 0.184094 -0.485294 -0.317623 -0.332617 0.175515 0.310071 0.331098 0.279708 -0.073697 -0.310632 0.364606 0.376284 0.060074 -0.258307 0.289892 -0.154420 0.190584 0.131806 -0.167893 0.407763 -0.055008
0.455927 -0.383587 0.096527 0.442399 0.085360 0.378875 0.168381 -0.131193 0.202078 0.364051 -0.265585 0.221704 -0.469465 -0.403064 0.025077 -0.056602 -0.410761 0.148673 -0.010140 0.235152 -0.001344 0.169113 -0.352437 -0.445816 -0.446873 -0.418327 -0.115053 0.478347 0.298661 0.142347 0.419248 -0.049166 -0.185460 0.234974 -0.029602 0.359333 0.286745 0.150160 0.423506 0.242864 0.424068 0.018285 -0.006060 -0.449924 0.417423 -0.123469
-0.227582 -0.204621 0.154710 -0.000277 -0.407741 0.055872 0.359332 0.369906 0.440159 -0.201837 -0.178111 -0.052415 0.273566 -0.289323 -0.070255 -0.448114 -0.179281 -0.418147 0.084478 0.355331 -0.037675 -0.426657 -0.031326 0.174498 -0.271287 -0.162104 0.142443 -0.182620 0.349989 0.120453 0.102228 0.096592 0.042555 0.332274 -0.077129 0.108808 -0.170142 0.233794 -0.119597 -0.048842 -0.034888 0.093823 -0.027164 0.282452 -0.328895 -0.416050
0.247823 0.149237 -0.120581 0.159254 -0.096071 0.311213 -0.233360 -0.348821 0.364979 -0.358665 -0.300335 -0.368422 -0.049976 0.361940 -0.364103 -0.055620 0.214449 0.290551 -0.319820 -0.047382 -0.343959 -0.122350 0.030950 -0.453930 0.380330 0.263260 0.043480 0.305575 0.228000 0.359363 0.167100 -0.099895 0.403932 0.318298 0.193872 0.369442 0.418553 -0.352723 0.327949 -0.023843 0.413281 -0.070832 -0.137540 0.235360 0.290182 0.117876
0.044044 0.256466 -0.469683 -0.069876 -0.405551 0.034994 -0.209469 0.249079 -0.092084 -0.376115 -0.303930 -0.494130 -0.110931 -0.268889 -0.017116 -0.144185 0.510918 0.330159 0.194650 -0.286896 0.086320 0.093564 -0.089396 -0.250846 -0.150045 -0.044899 0.312251 -0.196302 -0.140473 0.039775 -0.134247 -0.264650 -0.281470 0.044038 -0.196770 -0.001238 0.397139 -0.400488 -0.418175 -0.202292 -0.373594 0.108456 -0.080106 0.355543 0.010490 0.443541
0.077511 -0.006414 0.117086 0.174606 -0.204913 0.470240 -0.484647 0.187862 0.356551 0.407993 0.184275 0.431368 -0.292955 -0.264235 0.388973 0.084191 -0.406754 0.494786 0.253799 0.064191 -0.366007 -0.247987 0.126372 -0.339132 -0.123581 -0.015649 -0.271030 -0.406499 0.205041 0.058082 0.242814 -0.021769 -0.069003 0.408651 -0.017523 0.275192 -0.419685 0.289225 0.429981 -0.253388 0.177200 -0.399436 -0.191293 0.352274 -0.202516 0.276986
0.366512 0.370480 -0.214791 0.381016 -0.161789 0.249631 0.414177 0.212742 0.217085 -0.405918 0.014898 -0.089277 -0.158472 -0.251924 -0.469446 0.288605 -0.026615 0.258327 0.341337 0.004234 0.383265 0.331939 -0.415894 -0.070194 0.133948 -0.174686 0.124170 0.447055 -0.168643 -0.278292 -0.036853 -0.132317 0.382083 0.091913 -0.363988 -0.364143 -0.455496 0.304371 0.129945 -0.134683 0.017655 -0.254318 -0.369954 -0.239961 0.077695 0.007338
0.421798 0.376907 -0.131818 -0.329960 0.024014 0.476755 -0.381937 0.387460 0.250965 0.059905 -0.224361 -0.128304 0.230569 -0.459108 -0.336214 0.103466 0.019717 0.006901 -0.196067 -0.050549 -0.111045 0.268501 -0.397520 0.013604 0.408973 -0.421142 -0.323417 0.334492 0.283604 0.302148 0.028492 0.316328 -0.400096 0.279058 -0.188415 -0.225981 0.315148 -0.208578 0.371246 0.192832 0.054922 0.108145 -0.248737 0.086818 0.069789 -0.131760
0.416437 -0.276523 0.304649 -0.321411 0.282615 0.474729 -0.430028 -0.130116 -0.319396 0.380918 -0.030432 0.044256 -0.025523 0.263595 0.136740 -0.156834 0.377008 -0.158611 -0.257223 0.334236 0.017700 0.424863 0.288154 0.324213 0.400226 0.339113 -0.431400 0.597591 0.422628 -0.441397 -0.240104 0.174673 -0.104803 0.354475 0.315322 -0.217729 0.354043 -0.322941 0.350583 0.280681 -0.312051 -0.158197 0.279017 -0.237841 -0.240032 -0.096191
-0.156199 -0.366124 0.132222 -0.471349 -0.403671 -0.426179 0.064505 0.152875 -0.453929 0.228185 -0.043646 0.130241 0.311730 -0.228897 -0.194629 -0.498231 0.224730 0.209865 0.156262 0.046201 -0.205511 0.455937 0.078370 0.377442 -0.251306 -0.025524 0.445089 0.010340 -0.203295 -0.327207 -0.012665 0.436703 -0.133902 -0.330978 -0.223517 -0.334525 -0.418632 0.400121 0.157553 0.291695 -0.384639 0.436482 -0.033120 -0.260598 0.044205 0.346763
0.028903 0.161131 0.041581 0.515354 0.018636 0.301296 -0.420374 0.448860 0.539704 -0.164090 0.335573 0.427991 0.298806 0.030972 -0.038133 -0.432430 -0.439328 -0.436480 -0.417004 0.209393 -0.220247 0.403366 -0.155449 0.230415 -0.255573 0.275443 -0.012114 0.154172 0.081256 -0.202176 0.363239 0.504740 0.159105 0.104400 -0.408273 -0.427917 -0.429041 -0.298057 -0.017788 -0.221549 -0.474754 0.160093 0.321117 0.278748 0.254344 0.315280
-0.106303 0.443061 0.356467 -0.401645 -0.269834 -0.356249 0.042356 -0.091157 0.347376 0.011484 0.128653 0.447639 -0.467603 -0.113487 -0.242800 0.220578 -0.110944 -0.436969 -0.039706 0.236256 0.377022 0.389541 0.221027 -0.322109 0.187549 0.379109 -0.465357 0.373660 0.097594 0.479285 0.089237 0.202783 0.399718 0.351095 0.007588 0.199692 -0.284427 -0.398098 0.383879 -0.213307 0.122766 0.346904 0.310655 0.133248 -0.319687 0.069500
0.151569 -0.277078 -0.433702 -0.437164 0.363202 -0.053558 0.293170 -0.317236 -0.375022 -0.455398 0.461431 -0.372175 0.014527 -0.432075 0.321688 0.227215 0.150229 0.181698 0.289570 0.259552 -0.049632 -0.140267 0.100149 -0.168124 -0.089363 -0.084181 -0.118611 0.330140 0.446649 0.046440 -0.070194 0.425111 -0.095843 0.211660 0.365056 0.519925 -0.303029 -0.363076 0.209385 -0.343361 -0.016654 0.424079 -0.018154 0.252878 0.183119 0.297774
0.379201 -0.232116 0.334094 0.303984 -0.073227 -0.402172 0.436182 -0.142596 0.233088 0.205875 -0.032549 -0.458754 0.286908 -0.244675 0.037525 0.426183 0.342007 -0.211890 -0.475652 -0.400546 0.136849 -0.450828 -0.369005 -0.335380 0.049995 -0.250314 -0.349686 -0.065381 -0.006784 0.446289 -0.118241 -0.068848 -0.201900 0.084667 0.209972 0.059195 -0.014392 0.452417 0.073443 -0.301572 0.371220 0.280406 -0.230784 -0.248072 -0.320876 0.275571
0.015953 -0.352983 0.134720 0.212303 -0.396061 0.447121 0.179266 0.089731 -0.092459 0.248227 0.118227 0.185659 -0.465903 -0.398876 -0.191496 -0.216420 -0.403152 0.164007 -0.414356 -0.157238 0.316993 -0.461875 0.049608 -0.013828 -0.213710 0.132153 0.100421 0.076930 -0.168931 0.158509 -0.102134 -0.180864 0.471737 -0.147523 0.297056 0.037310 -0.040596 -0.101138 0.188388 0.019124 -0.162505 -0.176364 0.394411 -0.486997 -0.131689 -0.079329
-0.155222 -0.276864 0.309023 0.252615 -0.214452 0.425790 -0.095906 -0.427854 0.172536 0.207784 0.464347 -0.237858 0.180168 0.249025 -0.240063 -0.087983 0.151340 -0.334194 -0.463703 -0.316666 0.288167 0.117065 -0.163563 0.382562 0.241596 0.479118 -0.039210 0.330153 -0.235524 -0.022493 0.469345 -0.066252 -0.005628 0.258764 0.204326 -0.112413 -0.149455 -0.441276 -0.274907 -0.397720 -0.240202 0.251844 -0.413261 -0.462640 -0.180990 0.287019
0.431342 0.037403 -0.537850 0.249771 -0.405231 0.114899 -0.329185 -0.047627 -0.043417 -0.063968 -0.404406 0.080846 -0.173334 0.135153 0.194971 0.256502 -0.402837 0.429544 -0.327845 0.186171 -0.349432 0.556520 -0.212755 -0.486642 0.156070 -0.455008 -0.222552 -0.135056 -0.104294 -0.105093 -0.303525 -0.048957 0.307064 0.180423 -0.054944 0.286722 -0.285231 -0.189406 0.368565 -0.380136 -0.190378 0.173988 -0.386288 0.242281 -0.437063 -0.164701
-0.291406 0.296840 -0.000318 0.156612 0.208722 -0.350026 0.460410 0.277894 -0.000847 -0.013938 -0.043784 0.032690 0.202684 -0.140832 0.409580 -0.055104 0.367344 0.485153 -0.189574 0.069522 -0.250582 0.040377 -0.163054 -0.340892 -0.150758 0.267315 0.376770 -0.395237 -0.332104 -0.116798 -0.198929 0.304941 0.371366 -0.283561 -0.306221 -0.370671 0.352939 -0.258366 -0.302643 -0.094012 0.376949 0.457239 -0.069717 0.069157 -0.339928 -0.029517
0.303427 -0.052507 0.190805 0.383767 -0.146032 0.233806 -0.068290 -0.309287 0.045248 0.236358 0.342959 0.085085 -0.352102 -0.179914 0.322626 -0.459357 -0.214104 0.098550 -0.062471 -0.400495 0.192336 -0.233058 0.471370 -0.150498 0.128420 -0.137568 0.109212 0.073931 0.122091 0.242370 0.078738 0.334054 -0.138451 -0.195148 0.421851 -0.063052 -0.435835 -0.101579 -0.235776 -0.168162 -0.137606 0.395858 0.475910 0.076858 0.034531 0.350954
-0.337041 -0.223489 0.271511 -0.405045 -0.091697 -0.190871 0.263819 -0.113936 0.321084 0.110357 0.107212 0.201433 -0.214488 0.195060 0.449832 -0.376483 0.425269 -0.483732 -0.056613 0.486720 -0.019218 0.110174 -0.367316 -0.253290 0.459080 0.423509 0.333679 0.003088 -0.124817 -0.389181 0.112228 0.220172 -0.315957 0.234594 -0.166729 -0.185383 0.165577 -0.140719 0.309055 0.236046 -0.017760 0.326434 -0.390793 0.373432 0.280609 0.276692
-0.095552 -0.488207 -0.077424 0.506956 -0.317404 0.304076 -0.347261 -0.513967 0.317161 0.145143 -0.106971 -0.197163 -0.173859 -0.060146 -0.267241 0.190407 -0.401153 0.163415 -0.215836 -0.289811 0.591292 0.357350 -0.282479 0.482066 -0.393813 0.421711 -0.270947 0.138285 0.285843 -0.220606 0.140341 -0.467986 -0.082989 0.040528 -0.064121 -0.212658 -0.286409 -0.067531 -0.214034 -0.053616 -0.368686 -0.330412 -0.381771 0.242621 0.432010 -0.489203
0.099521 -0.228584 0.224228 0.216889 -0.099645 -0.264288 0.288437 0.187946 0.008941 -0.315611 -0.252264 -0.396228 0.311636 0.346157 0.515349 0.288713 0.364035 0.221780 -0.463299 0.066617 0.135315 0.307603 -0.058598 -0.022380 -0.104714 -0.350501 -0.106222 -0.173562 -0.082984 -0.009180 -0.349415 -0.418449 0.229749 -0.163177 -0.054733 0.281962 0.080089 0.264644 0.097418 0.417533 0.354866 -0.249188 0.116868 0.248456 -0.434790 -0.401889
-0.156055 0.440796 0.323931 -0.290110 -0.006342 0.206053 -0.379775 -0.071152 -0.253332 -0.449374 0.200847 -0.085805 0.411854 0.099776 -0.437909 0.211076 0.388420 -0.191317 -0.184021 0.185710 0.253967 -0.363570 0.027009 0.141596 -0.029991 0.099493 -0.459885 -0.439231 0.333482 0.495319 -0.109796 0.385525 -0.215482 0.035125 0.490370 -0.129868 0.474700 -0.141939 -0.014011 -0.300413 -0.084355 -0.340416 -0.421469 0.118319 0.047838 -0.274072
0.294218 0.363192 -0.406880 -0.290825 -0.348783 0.259435 -0.249220 -0.018773 -0.283183 -0.254623 0.090135 0.373782 0.405410 0.061967 0.400056 0.595965 0.236506 -0.132047 0.086143 -0.397614 -0.078871 -0.361950 0.113224 -0.426646 0.372683 -0.084767 0.149777 -0.016963 0.276109 0.129915 0.421898 -0.010656 0.456970 0.260528 -0.258798 0.291408 0.426413 -0.030929 -0.026995 -0.162793 -0.574031 -0.256286 -0.385208 0.506733 -0.383434 0.398754
-0.200442 0.238514 0.389184 -0.510066 0.349370 0.277839 0.323732 -0.084054 0.257932 -0.457545 -0.448069 -0.338384 0.405444 -0.280962 0.356788 -0.261827 0.430328 0.445500 0.368446 -0.076547 0.361207 0.487417 0.448368 0.059012 -0.312116 0.263030 0.222399 0.245836 0.136906 0.165378 -0.152338 -0.233125 -0.285717 -0.089736 -0.130015 0.257556 0.457739 0.135054 0.135590 0.316154 0.258570 -0.402415 0.243578 -0.075266 0.071613 -0.002793
-0.120304 0.416109 0.086190 0.486510 0.061816 0.307281 0.423613 -0.007810 0.038455 -0.017381 -0.212032 0.153847 0.468597 -0.174404 -0.110876 0.459690 -0.003060 -0.246114 0.208045 -0.254324 0.441646 -0.192022 0.191459 0.038044 -0.397949 0.443309 -0.209387 0.280283 -0.183754 -0.101744 -0.281397 -0.427006 0.274139 0.431338 0.308299 -0.426723 0.418430 0.076701 0.179153 0.170503 0.443898 -0.454912 -0.013628 0.226682 -0.316091 0.232973
0.392069 -0.090321 0.245655 0.134752 -0.342820 0.186114 0.227562 0.455725 0.067954 -0.037001 0.111995 0.351515 0.275666 -0.037030 -0.433513 -0.478741 -0.316097 0.045173 -0.315130 -0.265121 -0.470000 0.244525 -0.288373 0.276802 0.052996 -0.347025 -0.487415 -0.264959 0.026363 0.058443 -0.301625 -0.382587 -0.263192 -0.146636 -0.108792 -0.411405 0.057920 -0.044761 0.042503 -0.126919 -0.423250 -0.195290 0.187609 0.323587 0.392531 -0.114283
-0.441543 0.470213 0.196192 -0.011090 -0.001362 0.178351 0.350515 -0.165055 0.384485 -0.444859 0.188182 -0.151859 -0.182272 0.116676 -0.142769 -0.176754 0.078307 -0.220698 -0.438951 -0.071530 -0.101578 -0.318459 -0.127473 0.404058 0.457477 0.391627 0.178340 0.162045 -0.110379 -0.317999 0.340761 0.249207 0.091119 -0.408015 0.031052 0.174029 -0.340104 -0.459683 0.442121 0.278222 -0.301595 -0.183688 0.169943 0.464210 0.320049 -0.001783
-0.124552 -0.209770 -0.308287 0.137953 0.130370 -0.265353 -0.180259 0.501732 -0.119114 0.646218 0.183587 0.205200 0.338621 -0.294592 -0.540489 0.123520 -0.236897 0.424446 -0.408387 -0.005921 0.315554 -0.254776 -0.048523 -0.052940 0.346497 0.124729 0.363890 0.461480 0.239529 0.322381 -0.447241 0.343209 0.253187 0.105221 -0.092257 -0.201004 -0.382143 -0.248539 -0.541487 -0.083396 0.388972 -0.444642 0.006404 -0.459111 0.375725 0.197327
-0.207880 0.014795 0.189643 -0.400979 0.460433 0.171587 0.352408 -0.155175 0.243586 0.400589 0.061764 -0.476716 -0.061935 -0.012345 0.403277 0.132253 -0.253034 -0.225067 -0.197016 -0.376639 0.055679 -0.071533 -0.476003 0.363001 -0.061559 -0.341976 -0.335511 0.033525 0.162098 -0.322637 0.075205 -0.464607 -0.412071 -0.183474 0.480289 -0.425123 0.431039 -0.340903 0.182885 -0.234049 -0.237319 -0.092052 -0.131823 0.335425 0.289558 0.407296
0.089105 -0.418023 -0.267823 -0.386662 0.306089 0.354630 0.361683 -0.360432 0.200610 0.110252 -0.100050 -0.380890 -0.209113 -0.114818 0.312582 -0.092519 -0.445300 -0.084403 -0.349181 0.066547 0.198512 -0.130302 -0.192825 -0.160398 0.486243 -0.195359 -0.027587 -0.032054 -0.387380 0.135036 0.336411 0.144961 0.264685 -0.335455 0.005330 0.325169 0.271170 0.384975 -0.175346 0.459312 0.366515 -0.297320 -0.077932 -0.326132 0.098204 0.090890
0.340831 0.172356 -0.030246 0.239073 0.376429 -0.352717 -0.450295 -0.385632 -0.514083 -0.387086 -0.137866 -0.213834 0.243115 0.197997 -0.218113 -0.127144 0.217790 -0.183332 0.090662 -0.305242 0.417327 0.357836 0.201450 0.411669 -0.434156 0.125719 -0.057446 0.224906 -0.373232 0.350040 -0.127821 0.134148 -0.015849 0.146323 0.222695 0.319786 -0.128441 -0.370085 -0.474367 -0.446108 -0.217726 0.064694 -0.070663 -0.183668 0.338509 -0.330967
-0.281441 -0.135340 0.199328 -0.355511 0.461733 0.098804 -0.401016 -0.464613 0.122612 0.204621 -0.200442 -0.356989 -0.351812 0.346824 -0.006603 0.352150 -0.218936 -0.419450 -0.134230 -0.412621 -0.034646 -0.101488 -0.199439 0.404147 -0.299999 -0.050379 0.108819 -0.425764 -0.304004 0.028898 0.260134 0.195275 0.193782 -0.451537 0.156249 -0.093978 -0.005938 0.205346 -0.140926 -0.225778 0.341352 -0.128754 -0.323605 0.051279 -0.273957 -0.313225
0.435257 -0.446146 0.166252 -0.282070 -0.001496 0.381197 -0.004500 -0.070996 0.030194 -0.220560 -0.042982 0.278751 0.074981 0.094752 -0.015817 -0.261756 0.031663 0.219274 -0.164697 -0.255331 0.054237 -0.041039 -0.144701 0.263489 -0.196376 -0.138475 0.040689 0.450515 -0.191952 -0.178695 -0.269150 0.085203 0.282820 -0.402818 0.076593 0.371940 -0.426067 -0.095344 0.054351 -0.463403 0.107926 -0.288021 0.276808 -0.234404 -0.213080 0.284589
0.634388 -0.531164 -0.265199 -0.193148 -0.358333 0.484860 -0.507300 0.229810 0.410694 0.045577 0.100567 0.353236 0.027735 0.231835 -0.244672 0.328766 -0.059201 0.256466 -0.373111 -0.292881 -0.113876 -0.153004 -0.202589 -0.227131 0.328399 0.164843 0.444100 -0.397481 0.585837 -0.604997 0.476750 -0.224348 0.020373 0.292434 -0.584833 0.287603 -0.010927 0.435776 -0.208236 0.027549 0.324833 -0.351079 -0.484277 0.189278 0.511644 0.285288
0.027924 -0.338446 0.248475 0.268596 0.454999 0.359945 -0.108944 0.163885 0.225975 0.280101 0.345550 -0.100421 -0.275556 -0.024595 -0.339514 -0.410351 -0.170170 -0.232918 -0.036071 -0.009201 -0.013220 0.439528 -0.265135 -0.363173 -0.371436 0.372167 0.209513 -0.060939 0.103447 0.405988 -0.120170 -0.399738 -0.349765 -0.002245 0.264253 0.003845 0.105232 0.339323 0.307632 -0.197795 -0.217031 -0.279734 -0.303357 -0.403353 -0.103016 -0.011476
-0.061772 -0.219847 -0.044177 0.454472 0.014188 -0.343115 0.165680 0.258538 -0.449894 -0.121432 -0.450418 -0.338841 0.244600 -0.346960 -0.436150 0.473382 0.505566 -0.249703 0.222870 0.141791 -0.080153 0.116844 -0.259712 0.288868 -0.201176 0.039087 -0.280239 -0.310674 0.195643 -0.344050 -0.277911 -0.466518 0.061374 -0.161699 0.108504 -0.145775 0.009790 -0.366738 -0.137678 -0.095508 0.025829 -0.165183 0.002287 -0.155606 0.295396 -0.178436
-0.261569 -0.314190 0.168763 0.498648 -0.096399 0.195855 0.015686 -0.002785 -0.320179 0.338065 0.337204 0.107571 -0.426041 -0.213998 -0.073959 0.073809 0.212257 -0.437192 0.379975 -0.389885 0.410923 -0.457504 -0.016161 0.012111 0.417335 -0.231808 0.357375 0.444554 -0.266983 0.039799 0.336106 0.397679 0.073577 -0.377078 0.125513 0.303934 0.356017 0.022454 -0.330372 0.351323 -0.031202 -0.216241 -0.041415 -0.467743 -0.084209 -0.161612
-0.167530 0.179806 -0.340219 -0.212788 0.385317 -0.197682 0.129967 -0.160749 -0.408115 -0.164666 -0.428486 -0.357383 0.094333 -0.005291 0.367767 -0.132321 0.104788 0.470214 0.421684 0.197058 0.167737 -0.213776 0.473328 -0.153017 -0.429818 -0.085060 -0.000395 -0.547681 0.081556 -0.187297 -0.451427 0.271007 -0.243792 0.130474 0.031918 0.471287 -0.334967 0.516451 0.393248 0.056740 -0.169180 -0.235181 -0.065446 0.071718 -0.469774 -0.350627
0.169737 0.401922 -0.031806 -0.480326 -0.142619 0.119635 0.261198 0.072473 0.077051 0.451948 -0.261495 0.054729 0.195029 -0.100047 0.309862 0.215964 0.237492 0.242401 0.416969 0.413907 -0.357927 -0.065998 0.382877 -0.014176 -0.179004 -0.358647 -0.216314 0.245568 0.388724 -0.221348 0.189770 0.404049 0.228358 0.355039 0.276856 -0.361674 0.079426 -0.455006 -0.033669 0.399072 -0.325052 0.452037 0.451131 -0.132941 -0.071382 -0.160471

Output Layer:
0.057565 0.390021 -0.242387 0.325024 0.154543 -0.564222 -0.036308 0.148718 -0.420460 -0.247918 0.047604 -0.345785 -0.145735 -0.131286 0.620274 0.129586 0.594680 -0.382672 -0.203372 -0.130714 -0.252362 0.249580 -0.120683 0.061580 -0.025392 0.179770 -0.803498 0.222110 -0.561776 -0.672717 -0.308969 -0.307167 0.160219 0.324547 -0.385184 -0.062266 0.298611 -0.621862 -0.113493 0.209147 0.036189 0.221788 -0.204074 -0.035730 -0.592940 0.253286
-0.151392 0.202413 0.027990 -0.315877 -0.474868 -0.189338 0.213291 -0.384691 -0.080493 -0.339250 0.312013 -0.469593 0.240176 -0.267235 -0.035005 0.202876 -0.015155 0.003509 0.173724 0.156308 0.424034 0.535938 0.785162 0.313804 0.167723 -0.119393 -0.071357 -0.562248 0.250231 0.165856 0.163735 0.344039 0.443283 -0.218349 -0.748368 0.004819 -0.256382 0.230501 -0.067161 0.023471 -0.900851 0.328561 0.501284 0.226608 -0.221064 -0.399374
-0.220023 -0.357377 0.162128 -0.296940 -0.007107 0.369231 0.082563 -0.185721 -0.188247 0.132021 0.244588 0.382042 -0.035692 -0.364574 0.410355 -0.131838 -0.202445 0.320417 0.389475 0.428165 0.402362 -0.119007 0.261973 -0.087588 -0.131438 0.409142 -0.116613 0.374112 0.279525 -0.006077 -0.405923 -0.006892 0.237659 0.160616 -0.460230 0.442932 0.325918 -0.200692 -0.231548 0.254970 0.361430 0.068270 -0.035056 0.048032 -0.016460 0.246541

Standardization:
0.010289 -0.021733 -0.612061 0.021851 0.018392 -0.002767 0.008472 -0.006560 0.995339 5.384944 2.557663 -0.056091
0.736529 0.726178 0.816997 0.729538 0.686222 0.007961 0.065549 0.070173 0.000665 6.638943 3.120125 0.222481
-0.044443 -0.126759 8.025199
1.009217 0.846956 10.080283
